1  14 27   3
2  15 25   3
3  16 25   0
4   8 25   3
5  11 25   3
6  15 30   3
7  15 29   3
8  15 29   3
9  14 28   3
10  14 28   3
11  11 28   0
12  13 27   3
13  16 26   3
14  11 26   1
15   9 23   1
16  16 23   3
17   9 24   2
18  17 24   3
19   4 24   0
20  12 24   2
21  14 24   3
22  11 22   2
23  10 22   1
24  12 22   3
25  15 22   0
26  13 22   2
27  12 25   3
28  14 27   3
29  12 27   2
30  18 26   2
31  10 26   1
32  10 25   3
33  14 24   1
34  11 24   3
35  13 24   3
36  12 24   2
37  16 24   1
38  10 24   3
39  13 24   3
40  15 28   3
41  12 28   2
42  11 28   1
43  11 28   2
44  15 28   3
45  14 28   3
46  16 29   1
47  11 29   2
48  13 29   3
49  12 29   3
50  26 29   0
51  14 29   3
52  26 29   3
53  14 27   6
54  20 27   4
55  14 27   4
56  20 26   4
57  19 26   5
58  16 26   0
59   8 26   0
60  14 26   4
61  11 26   3
62  15 26   4
63  16 26   4
64  20 26   4
65  15 26   4
66  17 26   4
67  12 26   0
68  20 33   2
69  13 33   4
70  13 30   4
71  14 30   4
72  12 29   5
73  16 29   4
74  15 29   4
75  19 30   1
76  17 30   4
77  20 29   4
78  11 29   4
79  18 29   0
80  15 29   5
81  16 29   4
82  19 29   4
83  18 34   4
84  22 33   4
85  17 32   4
86  17 33   0
87  11 32   4
88  21 32   4
89  17 32   3
90  12 31   3
91  20 31   4
92  19 30   4
93  20 30   3
94  15 30   4
95  22 30   4
96  15 30   0
97  18 38   3
98  16 38   4
99  19 38   4
100  17 38   4
101  15 37   5
102  21 37   4
103  20 37   4
104  11 37   0
105  21 37   0
106  22 37   8
107  19 35   5
108  23 35   3
109  24 35   0
110  23 35   4
111  22 35   3
112  20 40   4
113  19 40   3
114  21 39   2
115  21 39   1
116  21 36   6
117  20 36   2
118  22 37   4
119  21 37   5
120  16 37   3
121  16 37   3
122  23 35   3
123  18 34   6
124  21 34   4
125  20 34   3
126  23 39   3
127  19 38   4
128  19 39   6
129  24 39   0
130  25 39   4
131  21 39   3
132  22 39   4
133  30 39   2
134  21 39   5
135  18 38   4
136  21 38   2
137  29 37   2
138  20 36   3
139  19 36   4
140  16 38   3
141  22 38   3
142  23 35   6
143  18 35   4
144  18 34   6
145  18 34   3
146  20 33   3
147  19 32   0
148  18 32   3
149  14 31   6
150  21 31   4
151  16 31   4
152  22 29   4
153  22 29   4
154  14 28   2
155  17 28   1
156  18 28   3
157  16 28   2
158  14 28   3
159  16 28   3
160  21 28   2
161  19 29   3
162  17 29   0
163  13 27   4
164  16 27   2
165  16 27   2
166  16 25   3
167  16 25   3
168  10 29   5
169  13 29   4
170  16 29   2
171  12 29   3
172  18 29   2
173  16 28   3
174  12 27   3
175  13 25   3
176  11 25   2
177  12 25   3
178  15 25   3
179  15 26   3
180  16 26   3
181  15 33   5
182  13 31   2
183  16 31   3
184  13 31   2
185  14 31   3
186  14 30   3
187  23 30   3
188  16 29   3
189  16 29   3
190  20 29   2
191  19 29   3
192  16 27   2
193  13 26   3
194  18 26   2
195  13 26   2
196  14 26   3
197  14 26   3
198  13 22   2
199  12 22   4
200  14 21   6
201  11 20   4
202  11 19   0
203  12 19   4
204  14 22   3
205   8 22   3
206  10 21   3
207   8 21   3
208  12 21   2
209  13 21   4
210  13 21   3
211  13 23   5
212  14 26   4
213  16 28   2
214  14 28   1
215  12 28   3
216  14 27   3
217  14 27   4
218  14 27   4
219  11 27   4
220  10 27   3
221  13 25   3
222  11 25   2
223  13 25   4
224   8 25   2
225  13 24   4
226  14 24   2
227  15 24   1
228  14 23   4
229  10 23   2
230   9 23   3
231  13 23   4
232  13 23   3
233  12 23   2
234  13 23   2
235  13 22   1
236  13 22   2
237  14 22   3
238  16 22   3
239  11 25   3
240  13 25   2
241  17 25   3
242   8 25   3
243  13 24   4
244  15 24   4
245  13 24   3
246  14 23   3
247   9 23   0
248  11 21   3
249  14 22   5
250  14 22   4
251  14 22   3
252  13 23   4
253  14 23   4
254  15 23   4
255  15 23   3
256  13 22   2
257  12 22   5
258   8 20   3
259  10 20   0
260  13 20   3
261  13 20   3
262  13 26   4
263  15 26   2
264   8 26   2
265  15 25   3
266  13 25   3
267  12 25   3
268  10 24   3
269  17 24   4
270  13 24   4
271  12 23   2
272  10 23   3
273  14 22   3
274  10 21   3
275  11 21   2
276  13 21   3
277  13 21   3
278  15 21   3
279  17 21   3
280  12 21   2
281  15 20   5
282  10 20   5
283  12 20   0
284  11 20   5
285  11 18   3
286  12 18   5
287  15 18   3
288  13 17   4
289  13 17   4
290  10 16   4
291  11 15   4
292   6 10   3
293   7 10   3
294   7 9    0
