-7
-10
13
-11
14
0
7
-17
-5
-6
5
-10
25
-18
23
-9
-10
0
-9
-5
16
-20
9
2
16
-29
7
4
8
-30
27
-7
15
0
-15
-10
14
5
6
0
-5
-4
7
0
0
-11
-13
21
-6
8
-8
-22
36
-16
-8
28
-9
-4
0
-3
-4
4
0
-17
4
17
2
-4
-4
-22
20
-8
8
-15
3
11
0
0
-9
8
7
-4
3
5
0
-4
-19
9
-11
27
0
-6
-2
11
-12
5
-6
0
-3
19
-19
9
6
3
-13
0
21
-30
-1
-4
10
-10
4
16
-4
3
-12
-4
8
-8
13
5
-21
14
-11
-10
30
0
-5
0
-11
10
7
10
-18
-7
7
7
-4
-10
25
0
-24
16
-22
11
3
1
-8
0
-1
14
-8
-15
10
3
23
-23
-8
6
23
-20
-3
11
-3
-13
2
8
0
3
-9
13
-22
0
13
3
-4
3
-5
0
-6
3
12
3
3
-3
-11
5
-3
-27
25
2
-16
4
6
-8
5
3
23
-23
16
-3
1
-26
15
12
-31
17
2
13
-14
13
-10
-4
11
-25
31
-12
7
-12
4
-14
5
-3
-4
21
-14
19
-8
19
-15
-4
-15
11
-23
31
12
3
-25
23
-23
38
-41
41
-48
3
-7
18
-5
3
-14
0
3
11
1
-13
25
-16
4
-9
13
-18
-2
31
-25
7
-3
11
9
-14
-9
5
8
-8
-34
54
-33
32
-30
3
19
-13
-9
11
0
1
0
-1
-6
-12
32
-4
-9
