77
70
60
73
62
76
76
83
66
61
55
60
50
75
57
80
71
61
61
52
47
63
43
52
54
70
41
48
52
60
30
57
50
65
65
50
40
54
59
65
65
60
56
63
63
63
52
39
60
54
62
54
32
68
52
44
72
63
59
59
56
52
56
56
39
43
60
62
58
54
32
52
44
52
37
40
51
51
51
42
50
57
53
56
61
61
57
38
47
36
63
63
57
55
66
54
59
53
53
50
69
50
59
65
68
55
55
76
46
45
41
51
41
45
61
57
60
48
44
52
44
57
62
41
55
44
34
64
64
59
59
48
58
65
75
57
50
57
64
60
50
75
75
51
67
45
56
59
60
52
52
51
65
57
42
52
55
78
55
47
53
76
56
53
64
61
48
50
58
58
61
52
65
43
43
56
59
55
58
53
53
47
50
62
65
68
65
54
59
56
29
54
56
40
44
50
42
47
50
73
50
66
63
64
38
53
65
34
51
53
66
52
65
55
51
62
37
68
56
63
51
55
41
46
43
39
60
46
65
57
76
61
57
42
53
30
61
73
76
51
74
51
89
48
89
41
44
37
55
50
53
39
39
42
53
54
41
66
50
54
45
58
40
38
69
44
51
48
59
68
54
45
50
58
50
16
70
37
69
39
42
61
48
39
50
50
51
51
50
44
32
64
60
51
